batch_size: 25
dim: 150
lam: 9.658748228257309e-05
lamp: 0.8360265295741566
lr: 0.004764525409344301
max_iters: 8000
threshold: 4
